Time	X-ray (ID 01) / Impulse Imp	X-ray (ID 01) / Voltage U	X-ray (ID 01) / Current I	X-ray (ID 01) / Detector angle θ_d	X-ray (ID 01) / Crystal angle θ_c
t/s	Imp/# / s	U/kV	I/mA	θ_d/°	θ_c/°

0.00	1363	35.0	1.00	6.0	3.0
2.00	1083	35.0	1.00	6.2	3.1
4.00	956	35.0	1.00	6.4	3.2
6.00	761	35.0	1.00	6.6	3.3
8.00	687	35.0	1.00	6.8	3.4
10.00	601	35.0	1.00	7.0	3.5
12.00	527	35.0	1.00	7.2	3.6
14.00	463	35.0	1.00	7.4	3.7
16.00	388	35.0	1.00	7.6	3.8
18.00	351	35.0	1.00	7.8	3.9
20.00	291	35.0	1.00	8.0	4.0
22.00	260	35.0	1.00	8.2	4.1
24.00	237	35.0	1.00	8.4	4.2
26.00	202	35.0	1.00	8.6	4.3
28.00	213	35.0	1.00	8.8	4.4
30.00	169	35.0	1.00	9.0	4.5
32.00	177	35.0	1.00	9.2	4.6
34.00	150	35.0	1.00	9.4	4.7
36.00	166	35.0	1.00	9.6	4.8
38.00	141	35.0	1.00	9.8	4.9
40.00	151	35.0	1.00	10.0	5.0
42.00	147	35.0	1.00	10.2	5.1
44.00	136	35.0	1.00	10.4	5.2
46.00	153	35.0	1.00	10.6	5.3
48.00	189	35.0	1.00	10.8	5.4
50.00	255	35.0	1.00	11.0	5.5
52.00	343	35.0	1.00	11.2	5.6
54.00	263	35.0	1.00	11.4	5.7
56.00	184	35.0	1.00	11.6	5.8
58.00	168	35.0	1.00	11.8	5.9
60.00	200	35.0	1.00	12.0	6.0
62.00	297	35.0	1.00	12.2	6.1
64.00	764	35.0	1.00	12.4	6.2
66.00	918	35.0	1.00	12.6	6.3
68.00	487	35.0	1.00	12.8	6.4
70.00	185	35.0	1.00	13.0	6.5
72.00	172	35.0	1.00	13.2	6.6
74.00	194	35.0	1.00	13.4	6.7
76.00	193	35.0	1.00	13.6	6.8
78.00	174	35.0	1.00	13.8	6.9
80.00	204	35.0	1.00	14.0	7.0
82.00	180	35.0	1.00	14.2	7.1
84.00	200	35.0	1.00	14.4	7.2
86.00	194	35.0	1.00	14.6	7.3
88.00	206	35.0	1.00	14.8	7.4
90.00	201	35.0	1.00	15.0	7.5
92.00	190	35.0	1.00	15.2	7.6
94.00	193	35.0	1.00	15.4	7.7
96.00	194	35.0	1.00	15.6	7.8
98.00	220	35.0	1.00	15.8	7.9
100.00	208	35.0	1.00	16.0	8.0
102.00	273	35.0	1.00	16.2	8.1
104.00	331	35.0	1.00	16.4	8.2
106.00	351	35.0	1.00	16.6	8.3
108.00	345	35.0	1.00	16.8	8.4
110.00	348	35.0	1.00	17.0	8.5
112.00	358	35.0	1.00	17.2	8.6
114.00	352	35.0	1.00	17.4	8.7
116.00	362	35.0	1.00	17.6	8.8
118.00	362	35.0	1.00	17.8	8.9
120.00	373	35.0	1.00	18.0	9.0
122.00	342	35.0	1.00	18.2	9.1
124.00	345	35.0	1.00	18.4	9.2
126.00	335	35.0	1.00	18.6	9.3
128.00	328	35.0	1.00	18.8	9.4
130.00	326	35.0	1.00	19.0	9.5
132.00	332	35.0	1.00	19.2	9.6
134.00	332	35.0	1.00	19.4	9.7
136.00	321	35.0	1.00	19.6	9.8
138.00	316	35.0	1.00	19.8	9.9
140.00	322	35.0	1.00	20.0	10.0
142.00	310	35.0	1.00	20.2	10.1
144.00	298	35.0	1.00	20.4	10.2
146.00	299	35.0	1.00	20.6	10.3
148.00	316	35.0	1.00	20.8	10.4
150.00	307	35.0	1.00	21.0	10.5
152.00	304	35.0	1.00	21.2	10.6
154.00	299	35.0	1.00	21.4	10.7
156.00	315	35.0	1.00	21.6	10.8
158.00	285	35.0	1.00	21.8	10.9
160.00	327	35.0	1.00	22.0	11.0
162.00	323	35.0	1.00	22.2	11.1
164.00	336	35.0	1.00	22.4	11.2
166.00	282	35.0	1.00	22.6	11.3
168.00	297	35.0	1.00	22.8	11.4
170.00	306	35.0	1.00	23.0	11.5
172.00	292	35.0	1.00	23.2	11.6
174.00	287	35.0	1.00	23.4	11.7
176.00	291	35.0	1.00	23.6	11.8
178.00	289	35.0	1.00	23.8	11.9
180.00	295	35.0	1.00	24.0	12.0
182.00	287	35.0	1.00	24.2	12.1
184.00	303	35.0	1.00	24.4	12.2
186.00	301	35.0	1.00	24.6	12.3
188.00	427	35.0	1.00	24.8	12.4
190.00	511	35.0	1.00	25.0	12.5
192.00	392	35.0	1.00	25.2	12.6
194.00	279	35.0	1.00	25.4	12.7
196.00	248	35.0	1.00	25.6	12.8
198.00	256	35.0	1.00	25.8	12.9
200.00	260	35.0	1.00	26.0	13.0
202.00	236	35.0	1.00	26.2	13.1
204.00	229	35.0	1.00	26.4	13.2
206.00	210	35.0	1.00	26.6	13.3
208.00	221	35.0	1.00	26.8	13.4
210.00	244	35.0	1.00	27.0	13.5
212.00	239	35.0	1.00	27.2	13.6
214.00	216	35.0	1.00	27.4	13.7
216.00	221	35.0	1.00	27.6	13.8
218.00	204	35.0	1.00	27.8	13.9
220.00	207	35.0	1.00	28.0	14.0
222.00	198	35.0	1.00	28.2	14.1
224.00	200	35.0	1.00	28.4	14.2
226.00	178	35.0	1.00	28.6	14.3
228.00	182	35.0	1.00	28.8	14.4
230.00	180	35.0	1.00	29.0	14.5
232.00	157	35.0	1.00	29.2	14.6
234.00	172	35.0	1.00	29.4	14.7
236.00	167	35.0	1.00	29.6	14.8
238.00	166	35.0	1.00	29.8	14.9
240.00	155	35.0	1.00	30.0	15.0
242.00	160	35.0	1.00	30.2	15.1
244.00	166	35.0	1.00	30.4	15.2
246.00	146	35.0	1.00	30.6	15.3
248.00	160	35.0	1.00	30.8	15.4
250.00	158	35.0	1.00	31.0	15.5
252.00	153	35.0	1.00	31.2	15.6
254.00	145	35.0	1.00	31.4	15.7
256.00	135	35.0	1.00	31.6	15.8
258.00	145	35.0	1.00	31.8	15.9
260.00	145	35.0	1.00	32.0	16.0
262.00	136	35.0	1.00	32.2	16.1
264.00	148	35.0	1.00	32.4	16.2
266.00	153	35.0	1.00	32.6	16.3
268.00	148	35.0	1.00	32.8	16.4
270.00	163	35.0	1.00	33.0	16.5
272.00	136	35.0	1.00	33.2	16.6
274.00	165	35.0	1.00	33.4	16.7
276.00	158	35.0	1.00	33.6	16.8
278.00	145	35.0	1.00	33.8	16.9
280.00	160	35.0	1.00	34.0	17.0
282.00	134	35.0	1.00	34.2	17.1
284.00	152	35.0	1.00	34.4	17.2
286.00	146	35.0	1.00	34.6	17.3
288.00	137	35.0	1.00	34.8	17.4
290.00	151	35.0	1.00	35.0	17.5
292.00	151	35.0	1.00	35.2	17.6
294.00	132	35.0	1.00	35.4	17.7
296.00	142	35.0	1.00	35.6	17.8
298.00	140	35.0	1.00	35.8	17.9
300.00	148	35.0	1.00	36.0	18.0
302.00	140	35.0	1.00	36.2	18.1
304.00	132	35.0	1.00	36.4	18.2
306.00	144	35.0	1.00	36.6	18.3
308.00	137	35.0	1.00	36.8	18.4
310.00	139	35.0	1.00	37.0	18.5
312.00	139	35.0	1.00	37.2	18.6
314.00	140	35.0	1.00	37.4	18.7
316.00	183	35.0	1.00	37.6	18.8
318.00	185	35.0	1.00	37.8	18.9
320.00	153	35.0	1.00	38.0	19.0
322.00	153	35.0	1.00	38.2	19.1
324.00	138	35.0	1.00	38.4	19.2
326.00	122	35.0	1.00	38.6	19.3
328.00	127	35.0	1.00	38.8	19.4
330.00	124	35.0	1.00	39.0	19.5
332.00	131	35.0	1.00	39.2	19.6
334.00	127	35.0	1.00	39.4	19.7
336.00	134	35.0	1.00	39.6	19.8
338.00	133	35.0	1.00	39.8	19.9
340.00	140	35.0	1.00	40.0	20.0
342.00	125	35.0	1.00	40.2	20.1
344.00	127	35.0	1.00	40.4	20.2
346.00	131	35.0	1.00	40.6	20.3
348.00	132	35.0	1.00	40.8	20.4
350.00	134	35.0	1.00	41.0	20.5
352.00	124	35.0	1.00	41.2	20.6
354.00	129	35.0	1.00	41.4	20.7
356.00	110	35.0	1.00	41.6	20.8
358.00	128	35.0	1.00	41.8	20.9
360.00	112	35.0	1.00	42.0	21.0
362.00	120	35.0	1.00	42.2	21.1
364.00	127	35.0	1.00	42.4	21.2
366.00	115	35.0	1.00	42.6	21.3
368.00	110	35.0	1.00	42.8	21.4
370.00	115	35.0	1.00	43.0	21.5
372.00	128	35.0	1.00	43.2	21.6
374.00	114	35.0	1.00	43.4	21.7
376.00	131	35.0	1.00	43.6	21.8
378.00	126	35.0	1.00	43.8	21.9
380.00	115	35.0	1.00	44.0	22.0
382.00	125	35.0	1.00	44.2	22.1
384.00	117	35.0	1.00	44.4	22.2
386.00	107	35.0	1.00	44.6	22.3
388.00	120	35.0	1.00	44.8	22.4
390.00	123	35.0	1.00	45.0	22.5
392.00	116	35.0	1.00	45.2	22.6
394.00	116	35.0	1.00	45.4	22.7
396.00	120	35.0	1.00	45.6	22.8
398.00	123	35.0	1.00	45.8	22.9
400.00	125	35.0	1.00	46.0	23.0
402.00	112	35.0	1.00	46.2	23.1
404.00	115	35.0	1.00	46.4	23.2
406.00	129	35.0	1.00	46.6	23.3
408.00	122	35.0	1.00	46.8	23.4
410.00	118	35.0	1.00	47.0	23.5
412.00	118	35.0	1.00	47.2	23.6
414.00	123	35.0	1.00	47.4	23.7
416.00	116	35.0	1.00	47.6	23.8
418.00	122	35.0	1.00	47.8	23.9
420.00	97	35.0	1.00	48.0	24.0
422.00	114	35.0	1.00	48.2	24.1
424.00	119	35.0	1.00	48.4	24.2
426.00	106	35.0	1.00	48.6	24.3
428.00	121	35.0	1.00	48.8	24.4
430.00	128	35.0	1.00	49.0	24.5
432.00	107	35.0	1.00	49.2	24.6
434.00	124	35.0	1.00	49.4	24.7
436.00	119	35.0	1.00	49.6	24.8
438.00	127	35.0	1.00	49.8	24.9
440.00	125	35.0	1.00	50.0	25.0
442.00	122	35.0	1.00	50.2	25.1
444.00	118	35.0	1.00	50.4	25.2
446.00	135	35.0	1.00	50.6	25.3
448.00	136	35.0	1.00	50.8	25.4
450.00	137	35.0	1.00	51.0	25.5
452.00	138	35.0	1.00	51.2	25.6
454.00	136	35.0	1.00	51.4	25.7
456.00	124	35.0	1.00	51.6	25.8
458.00	130	35.0	1.00	51.8	25.9
460.00	119	35.0	1.00	52.0	26.0
462.00	125	35.0	1.00	52.2	26.1
464.00	130	35.0	1.00	52.4	26.2
466.00	111	35.0	1.00	52.6	26.3
468.00	104	35.0	1.00	52.8	26.4
470.00	121	35.0	1.00	53.0	26.5
472.00	105	35.0	1.00	53.2	26.6
474.00	118	35.0	1.00	53.4	26.7
476.00	117	35.0	1.00	53.6	26.8
478.00	121	35.0	1.00	53.8	26.9
480.00	111	35.0	1.00	54.0	27.0
482.00	104	35.0	1.00	54.2	27.1
484.00	122	35.0	1.00	54.4	27.2
486.00	118	35.0	1.00	54.6	27.3
488.00	114	35.0	1.00	54.8	27.4
490.00	124	35.0	1.00	55.0	27.5
492.00	115	35.0	1.00	55.2	27.6
494.00	111	35.0	1.00	55.4	27.7
496.00	142	35.0	1.00	55.6	27.8
498.00	123	35.0	1.00	55.8	27.9
500.00	113	35.0	1.00	56.0	28.0
502.00	134	35.0	1.00	56.2	28.1
504.00	113	35.0	1.00	56.4	28.2
506.00	116	35.0	1.00	56.6	28.3
508.00	114	35.0	1.00	56.8	28.4
510.00	108	35.0	1.00	57.0	28.5
512.00	110	35.0	1.00	57.2	28.6
514.00	109	35.0	1.00	57.4	28.7
516.00	117	35.0	1.00	57.6	28.8
518.00	110	35.0	1.00	57.8	28.9
520.00	117	35.0	1.00	58.0	29.0
522.00	111	35.0	1.00	58.2	29.1
524.00	129	35.0	1.00	58.4	29.2
526.00	102	35.0	1.00	58.6	29.3
528.00	132	35.0	1.00	58.8	29.4
530.00	110	35.0	1.00	59.0	29.5
532.00	119	35.0	1.00	59.2	29.6
534.00	111	35.0	1.00	59.4	29.7
536.00	103	35.0	1.00	59.6	29.8
538.00	124	35.0	1.00	59.8	29.9
540.00	112	35.0	1.00	60.0	30.0
542.00	117	35.0	1.00	60.2	30.1
544.00	128	35.0	1.00	60.4	30.2
546.00	112	35.0	1.00	60.6	30.3
548.00	118	35.0	1.00	60.8	30.4
550.00	112	35.0	1.00	61.0	30.5
552.00	116	35.0	1.00	61.2	30.6
554.00	102	35.0	1.00	61.4	30.7
556.00	116	35.0	1.00	61.6	30.8
558.00	123	35.0	1.00	61.8	30.9
560.00	115	35.0	1.00	62.0	31.0
562.00	114	35.0	1.00	62.2	31.1
564.00	120	35.0	1.00	62.4	31.2
566.00	108	35.0	1.00	62.6	31.3
568.00	104	35.0	1.00	62.8	31.4
570.00	123	35.0	1.00	63.0	31.5
572.00	107	35.0	1.00	63.2	31.6
574.00	115	35.0	1.00	63.4	31.7
576.00	102	35.0	1.00	63.6	31.8
578.00	109	35.0	1.00	63.8	31.9
580.00	100	35.0	1.00	64.0	32.0
582.00	104	35.0	1.00	64.2	32.1
584.00	130	35.0	1.00	64.4	32.2
586.00	110	35.0	1.00	64.6	32.3
588.00	126	35.0	1.00	64.8	32.4
590.00	118	35.0	1.00	65.0	32.5
592.00	113	35.0	1.00	65.2	32.6
594.00	100	35.0	1.00	65.4	32.7
596.00	112	35.0	1.00	65.6	32.8
598.00	104	35.0	1.00	65.8	32.9
600.00	108	35.0	1.00	66.0	33.0
602.00	118	35.0	1.00	66.2	33.1
604.00	121	35.0	1.00	66.4	33.2
606.00	119	35.0	1.00	66.6	33.3
608.00	107	35.0	1.00	66.8	33.4
610.00	98	35.0	1.00	67.0	33.5
612.00	125	35.0	1.00	67.2	33.6
614.00	105	35.0	1.00	67.4	33.7
616.00	114	35.0	1.00	67.6	33.8
618.00	118	35.0	1.00	67.8	33.9
620.00	106	35.0	1.00	68.0	34.0
622.00	126	35.0	1.00	68.2	34.1
624.00	97	35.0	1.00	68.4	34.2
626.00	128	35.0	1.00	68.6	34.3
628.00	105	35.0	1.00	68.8	34.4
630.00	110	35.0	1.00	69.0	34.5
632.00	103	35.0	1.00	69.2	34.6
634.00	110	35.0	1.00	69.4	34.7
636.00	115	35.0	1.00	69.6	34.8
638.00	106	35.0	1.00	69.8	34.9
640.00	113	35.0	1.00	70.0	35.0
642.00	122	35.0	1.00	70.2	35.1
644.00	110	35.0	1.00	70.4	35.2
646.00	109	35.0	1.00	70.6	35.3
648.00	122	35.0	1.00	70.8	35.4
650.00	114	35.0	1.00	71.0	35.5
