X-ray (ID 01) / Crystal angle θ_c	X-ray (ID 01) / Impulse Imp
θ_c/°	Imp/# / s

3.0	2009
3.1	1607
3.2	1229
3.3	1082
3.4	869
3.5	773
3.6	666
3.7	615
3.8	561
3.9	458
4.0	402
4.1	353
4.2	305
4.3	251
4.4	235
4.5	212
4.6	215
4.7	194
4.8	190
4.9	179
5.0	176
5.1	174
5.2	182
5.3	164
5.4	212
5.5	298
5.6	383
5.7	276
5.8	208
5.9	199
6.0	200
6.1	324
6.2	777
6.3	1132
6.4	704
6.5	295
6.6	227
6.7	212
6.8	228
6.9	207
7.0	214
7.1	216
7.2	220
7.3	228
7.4	212
7.5	214
7.6	213
7.7	217
7.8	222
7.9	215
8.0	228
8.1	314
8.2	397
8.3	427
8.4	458
8.5	437
8.6	469
8.7	449
8.8	445
8.9	441
9.0	434
9.1	450
9.2	463
9.3	422
9.4	430
9.5	414
9.6	435
9.7	402
9.8	406
9.9	436
10.0	433
10.1	393
10.2	401
10.3	385
10.4	405
10.5	373
10.6	400
10.7	395
10.8	357
10.9	365
11.0	377
11.1	395
11.2	413
11.3	372
11.4	371
11.5	371
11.6	378
11.7	341
11.8	357
11.9	335
12.0	361
12.1	341
12.2	357
12.3	354
12.4	448
12.5	589
12.6	522
12.7	322
12.8	303
12.9	312
13.0	287
13.1	293
13.2	271
13.3	256
13.4	275
13.5	288
13.6	299
13.7	272
13.8	227
13.9	223
14.0	250
14.1	229
14.2	224
14.3	215
14.4	214
14.5	203
14.6	197
14.7	199
14.8	202
14.9	179
15.0	183
15.1	178
15.2	167
15.3	165
15.4	179
15.5	171
15.6	172
15.7	139
15.8	177
15.9	146
16.0	144
16.1	150
16.2	156
16.3	174
16.4	166
16.5	173
16.6	163
16.7	173
16.8	182
16.9	157
17.0	167
17.1	162
17.2	159
17.3	165
17.4	162
17.5	166
17.6	161
17.7	138
17.8	156
17.9	142
18.0	148
18.1	160
18.2	141
18.3	141
18.4	137
18.5	158
18.6	131
18.7	162
18.8	168
18.9	221
19.0	184
19.1	163
19.2	144
19.3	143
19.4	146
19.5	128
19.6	141
19.7	131
19.8	125
19.9	140
20.0	135
20.1	144
20.2	126
20.3	128
20.4	138
20.5	140
20.6	130
20.7	122
20.8	139
20.9	129
21.0	125
21.1	132
21.2	127
21.3	124
21.4	131
21.5	122
21.6	130
21.7	132
21.8	121
21.9	129
22.0	109
22.1	138
22.2	125
22.3	127
22.4	128
22.5	129
22.6	133
22.7	134
22.8	143
22.9	129
23.0	131
23.1	119
23.2	121
23.3	130
23.4	133
23.5	122
23.6	121
23.7	113
23.8	116
23.9	119
24.0	122
24.1	129
24.2	130
24.3	127
24.4	130
24.5	122
24.6	114
24.7	119
24.8	123
24.9	122
25.0	133
25.1	126
25.2	121
25.3	133
25.4	148
25.5	150
25.6	141
25.7	131
25.8	134
25.9	132
26.0	129
26.1	128
26.2	125
26.3	133
26.4	133
26.5	127
26.6	130
26.7	139
26.8	119
26.9	128
27.0	126
27.1	115
27.2	110
27.3	126
27.4	128
27.5	129
27.6	121
27.7	128
27.8	122
27.9	114
28.0	135
28.1	135
28.2	114
28.3	105
28.4	127
28.5	128
28.6	125
28.7	113
28.8	120
28.9	118
29.0	133
29.1	127
29.2	116
29.3	124
29.4	117
29.5	125
29.6	131
29.7	110
29.8	130
29.9	107
30.0	123
30.1	106
30.2	126
30.3	117
30.4	127
30.5	112
30.6	134
30.7	115
30.8	111
30.9	108
31.0	115
31.1	117
31.2	116
31.3	120
31.4	103
31.5	131
31.6	109
31.7	118
31.8	102
31.9	117
32.0	113
32.1	112
32.2	106
32.3	124
32.4	112
32.5	105
32.6	119
32.7	98
32.8	106
32.9	107
33.0	120
33.1	106
33.2	100
33.3	110
33.4	99
33.5	113
33.6	112
33.7	112
33.8	120
33.9	95
34.0	109
34.1	117
34.2	110
34.3	109
34.4	106
34.5	109
34.6	118
34.7	113
34.8	114
34.9	111
35.0	114
35.1	106
35.2	103
35.3	108
35.4	106
35.5	115
35.6	115
35.7	107
35.8	123
35.9	120
36.0	122
36.1	115
36.2	129
36.3	115
36.4	118
36.5	117
36.6	112
36.7	114
36.8	109
36.9	114
37.0	112
37.1	112
37.2	122
37.3	117
37.4	116
37.5	115
37.6	111
37.7	108
37.8	116
37.9	122
38.0	136
38.1	112
38.2	110
38.3	119
38.4	116
38.5	118
38.6	104
38.7	118
38.8	114
38.9	108
39.0	104
39.1	104
39.2	125
39.3	120
39.4	111
39.5	115
39.6	106
39.7	105
39.8	105
39.9	110
40.0	113
40.1	114
40.2	112
40.3	119
40.4	111
40.5	97
40.6	110
40.7	113
40.8	119
40.9	101
41.0	114
41.1	104
41.2	112
41.3	111
41.4	116
41.5	119
41.6	99
41.7	122
41.8	106
41.9	113
42.0	109
42.1	118
42.2	122
42.3	95
42.4	125
42.5	113
42.6	119
42.7	116
42.8	111
42.9	118
43.0	104
43.1	107
43.2	100
43.3	105
43.4	101
43.5	93
43.6	114
43.7	103
43.8	112
43.9	116
44.0	111
44.1	95
44.2	125
44.3	114
44.4	121
44.5	115
44.6	109
44.7	115
44.8	105
44.9	111
45.0	118
45.1	101
45.2	120
45.3	110
45.4	109
45.5	108
45.6	122
45.7	110
45.8	109
45.9	107
46.0	123
46.1	116
46.2	99
46.3	109
46.4	108
46.5	100
46.6	102
46.7	117
46.8	102
46.9	115
47.0	115
47.1	111
47.2	97
47.3	111
47.4	118
47.5	105
47.6	119
47.7	106
47.8	114
47.9	113
48.0	103
48.1	99
48.2	106
48.3	108
48.4	128
48.5	103
48.6	98
48.7	99
48.8	116
48.9	121
49.0	109
49.1	96
49.2	105
49.3	102
49.4	113
49.5	99
49.6	112
49.7	107
49.8	109
49.9	111
50.0	95
50.1	110
50.2	109
50.3	109
50.4	114
50.5	124
50.6	90
50.7	111
50.8	112
50.9	100
51.0	96
51.1	106
51.2	112
51.3	95
51.4	119
51.5	112
51.6	113
51.7	122
51.8	114
51.9	127
52.0	109
52.1	117
52.2	99
52.3	104
52.4	97
52.5	104
52.6	124
52.7	122
52.8	116
52.9	106
53.0	117
53.1	115
53.2	124
53.3	116
53.4	108
53.5	104
53.6	112
53.7	109
53.8	109
53.9	102
54.0	105
54.1	110
54.2	110
54.3	114
54.4	103
54.5	101
54.6	105
54.7	110
54.8	107
54.9	122
55.0	103
55.1	119
55.2	112
55.3	114
55.4	114
55.5	115
55.6	106
55.7	112
55.8	111
55.9	117
56.0	109
56.1	119
56.2	115
56.3	104
56.4	104
56.5	115
56.6	99
56.7	106
56.8	97
56.9	115
57.0	104
57.1	105
57.2	127
57.3	104
57.4	103
57.5	109
57.6	110
57.7	107
57.8	119
57.9	110
58.0	124
58.1	117
58.2	110
58.3	106
58.4	118
58.5	123
58.6	117
58.7	100
58.8	115
58.9	109
59.0	98
59.1	113
59.2	100
59.3	109
59.4	102
59.5	110
59.6	109
59.7	106
59.8	104
59.9	124
60.0	107
60.1	113
60.2	116
60.3	109
60.4	109
60.5	109
60.6	120
60.7	118
60.8	119
60.9	109
61.0	119
61.1	120
61.2	92
61.3	114
61.4	111
61.5	112
61.6	113
61.7	112
61.8	118
61.9	117
62.0	119
62.1	107
62.2	92
62.3	118
62.4	112
62.5	107
62.6	103
62.7	110
62.8	111
62.9	101
63.0	109
63.1	115
63.2	103
63.3	109
63.4	110
63.5	126
63.6	115
63.7	111
63.8	102
63.9	116
64.0	110
64.1	109
64.2	99
64.3	116
64.4	103
64.5	109
64.6	119
64.7	109
64.8	117
64.9	106
65.0	109
65.1	109
65.2	112
65.3	123
65.4	112
65.5	96
65.6	122
65.7	107
65.8	119
65.9	105
66.0	104
66.1	106
66.2	104
66.3	105
66.4	117
66.5	109
66.6	109
66.7	116
66.8	123
66.9	121
67.0	106
67.1	112
67.2	123
67.3	95
67.4	121
67.5	107
67.6	100
67.7	118
67.8	111
67.9	115
68.0	118
68.1	106
68.2	113
68.3	117
68.4	107
68.5	87
68.6	120
68.7	113
68.8	111
68.9	98
69.0	120
69.1	104
69.2	116
69.3	104
69.4	107
69.5	97
69.6	103
69.7	117
69.8	112
69.9	120
70.0	117
70.1	121
70.2	119
70.3	115
70.4	126
70.5	103
70.6	115
70.7	120
70.8	113
70.9	95
71.0	105
71.1	123
71.2	114
71.3	110
71.4	105
71.5	110
71.6	106
71.7	102
71.8	126
71.9	114
72.0	120
72.1	108
72.2	111
72.3	102
72.4	112
72.5	112
72.6	109
72.7	119
72.8	118
72.9	121
73.0	128
73.1	118
73.2	109
73.3	117
73.4	118
73.5	117
73.6	118
73.7	105
73.8	111
73.9	107
74.0	107
74.1	100
74.2	115
74.3	109
74.4	101
74.5	104
74.6	105
74.7	112
74.8	107
74.9	114
75.0	121
